-0.017000000000000                   0
0                   0.005470000000000
0.025000000000000   0.014500000000000
0.050000000000000   0.020530000000000
0.075000000000000   0.028330000000000
0.100000000000000   0.035730000000000
0.150000000000000   0.048330000000000
0.200000000000000   0.057130000000000
0.250000000000000   0.062460000000000
0.300000000000000   0.065000000000000
0.350000000000000   0.066260000000000
0.400000000000000   0.066660000000000
0.450000000000000   0.066660000000000
0.500000000000000   0.066660000000000
0.550000000000000   0.066660000000000
0.600000000000000   0.065260000000000
0.650000000000000   0.061730000000000
0.700000000000000   0.056060000000000
0.750000000000000   0.047860000000000
0.800000000000000   0.037460000000000
0.850000000000000   0.026070000000000
0.900000000000000   0.015200000000000
0.925000000000000   0.010670000000000
0.950000000000000   0.006800000000000
0.975000000000000   0.003400000000000
1.000000000000000                   0
