% Smooth beach with nx=137 Lx=800 h_0=50 and h_1=15
0  <- Bottom gradients flag,  0->input, 1->compute internally
    5.000000e+01    0.000000e+00   -0.000000e+00    0.000000e+00    0.000000e+00  <- h,h_x,h_xx,h_y,h_yy
    5.000000e+01   -7.316045e-28   -8.210482e-27    0.000000e+00    0.000000e+00
    5.000000e+01   -1.083768e-13   -2.950757e-13    0.000000e+00    0.000000e+00
    5.000000e+01   -4.090330e-09   -4.801678e-09    0.000000e+00    0.000000e+00
    5.000000e+01   -6.763687e-07   -4.331582e-07    0.000000e+00    0.000000e+00
    4.999997e+01   -1.319993e-05   -5.246157e-06    0.000000e+00    0.000000e+00
    4.999972e+01   -9.005860e-05   -2.409989e-05    0.000000e+00    0.000000e+00
    4.999857e+01   -3.403987e-04   -6.488574e-05    0.000000e+00    0.000000e+00
    4.999512e+01   -8.950410e-04   -1.266410e-04    0.000000e+00    0.000000e+00
    4.998724e+01   -1.855272e-03   -2.010756e-04    0.000000e+00    0.000000e+00
    4.997241e+01   -3.265063e-03   -2.778375e-04    0.000000e+00    0.000000e+00
    4.994797e+01   -5.111472e-03   -3.483480e-04    0.000000e+00    0.000000e+00
    4.991152e+01   -7.340194e-03   -4.071887e-04    0.000000e+00    0.000000e+00
    4.986102e+01   -9.874121e-03   -4.519216e-04    0.000000e+00    0.000000e+00
    4.979492e+01   -1.262870e-02   -4.823092e-04    0.000000e+00    0.000000e+00
    4.971217e+01   -1.552239e-02   -4.994835e-04    0.000000e+00    0.000000e+00
    4.961218e+01   -1.848266e-02   -5.052822e-04    0.000000e+00    0.000000e+00
    4.949472e+01   -2.144868e-02   -5.017914e-04    0.000000e+00    0.000000e+00
    4.935992e+01   -2.437191e-02   -4.910636e-04    0.000000e+00    0.000000e+00
    4.920815e+01   -2.721538e-02   -4.749627e-04    0.000000e+00    0.000000e+00
    4.903995e+01   -2.995234e-02   -4.550950e-04    0.000000e+00    0.000000e+00
    4.885601e+01   -3.256468e-02   -4.327921e-04    0.000000e+00    0.000000e+00
    4.865710e+01   -3.504135e-02   -4.091225e-04    0.000000e+00    0.000000e+00
    4.844404e+01   -3.737686e-02   -3.849200e-04    0.000000e+00    0.000000e+00
    4.821766e+01   -3.957002e-02   -3.608158e-04    0.000000e+00    0.000000e+00
    4.797878e+01   -4.162286e-02   -3.372733e-04    0.000000e+00    0.000000e+00
    4.772824e+01   -4.353969e-02   -3.146187e-04    0.000000e+00    0.000000e+00
    4.746681e+01   -4.532643e-02   -2.930692e-04    0.000000e+00    0.000000e+00
    4.719523e+01   -4.698999e-02   -2.727572e-04    0.000000e+00    0.000000e+00
    4.691421e+01   -4.853790e-02   -2.537496e-04    0.000000e+00    0.000000e+00
    4.662441e+01   -4.997788e-02   -2.360642e-04    0.000000e+00    0.000000e+00
    4.632643e+01   -5.131768e-02   -2.196829e-04    0.000000e+00    0.000000e+00
    4.602085e+01   -5.256485e-02   -2.045620e-04    0.000000e+00    0.000000e+00
    4.570819e+01   -5.372664e-02   -1.906403e-04    0.000000e+00    0.000000e+00
    4.538893e+01   -5.480989e-02   -1.778454e-04    0.000000e+00    0.000000e+00
    4.506351e+01   -5.582100e-02   -1.660981e-04    0.000000e+00    0.000000e+00
    4.473234e+01   -5.676588e-02   -1.553166e-04    0.000000e+00    0.000000e+00
    4.439579e+01   -5.764998e-02   -1.454187e-04    0.000000e+00    0.000000e+00
    4.405422e+01   -5.847826e-02   -1.363239e-04    0.000000e+00    0.000000e+00
    4.370792e+01   -5.925522e-02   -1.279545e-04    0.000000e+00    0.000000e+00
    4.335719e+01   -5.998489e-02   -1.202368e-04    0.000000e+00    0.000000e+00
    4.300230e+01   -6.067091e-02   -1.131015e-04    0.000000e+00    0.000000e+00
    4.264349e+01   -6.131651e-02   -1.064840e-04    0.000000e+00    0.000000e+00
    4.228100e+01   -6.192456e-02   -1.003246e-04    0.000000e+00    0.000000e+00
    4.191504e+01   -6.249759e-02   -9.456843e-05    0.000000e+00    0.000000e+00
    4.154580e+01   -6.303782e-02   -8.916533e-05    0.000000e+00    0.000000e+00
    4.117347e+01   -6.354720e-02   -8.406979e-05    0.000000e+00    0.000000e+00
    4.079824e+01   -6.402740e-02   -7.924063e-05    0.000000e+00    0.000000e+00
    4.042027e+01   -6.447989e-02   -7.464082e-05    0.000000e+00    0.000000e+00
    4.003971e+01   -6.490591e-02   -7.023720e-05    0.000000e+00    0.000000e+00
    3.965672e+01   -6.530653e-02   -6.600023e-05    0.000000e+00    0.000000e+00
    3.927144e+01   -6.568266e-02   -6.190371e-05    0.000000e+00    0.000000e+00
    3.888403e+01   -6.603504e-02   -5.792458e-05    0.000000e+00    0.000000e+00
    3.849460e+01   -6.636432e-02   -5.404259e-05    0.000000e+00    0.000000e+00
    3.810331e+01   -6.667099e-02   -5.024015e-05    0.000000e+00    0.000000e+00
    3.771028e+01   -6.695550e-02   -4.650205e-05    0.000000e+00    0.000000e+00
    3.731564e+01   -6.721818e-02   -4.281526e-05    0.000000e+00    0.000000e+00
    3.691952e+01   -6.745929e-02   -3.916874e-05    0.000000e+00    0.000000e+00
    3.652205e+01   -6.767905e-02   -3.555322e-05    0.000000e+00    0.000000e+00
    3.612334e+01   -6.787761e-02   -3.196104e-05    0.000000e+00    0.000000e+00
    3.572353e+01   -6.805509e-02   -2.838598e-05    0.000000e+00    0.000000e+00
    3.532273e+01   -6.821158e-02   -2.482306e-05    0.000000e+00    0.000000e+00
    3.492108e+01   -6.834714e-02   -2.126842e-05    0.000000e+00    0.000000e+00
    3.451869e+01   -6.846181e-02   -1.771914e-05    0.000000e+00    0.000000e+00
    3.411569e+01   -6.855561e-02   -1.417313e-05    0.000000e+00    0.000000e+00
    3.371220e+01   -6.862856e-02   -1.062894e-05    0.000000e+00    0.000000e+00
    3.330833e+01   -6.868066e-02   -7.085656e-06    0.000000e+00    0.000000e+00
    3.290423e+01   -6.871192e-02   -3.542763e-06    0.000000e+00    0.000000e+00
    3.250000e+01   -6.872234e-02   -0.000000e+00    0.000000e+00    0.000000e+00
    3.209577e+01   -6.871192e-02    3.542763e-06    0.000000e+00    0.000000e+00
    3.169167e+01   -6.868066e-02    7.085656e-06    0.000000e+00    0.000000e+00
    3.128780e+01   -6.862856e-02    1.062894e-05    0.000000e+00    0.000000e+00
    3.088431e+01   -6.855561e-02    1.417313e-05    0.000000e+00    0.000000e+00
    3.048131e+01   -6.846181e-02    1.771914e-05    0.000000e+00    0.000000e+00
    3.007892e+01   -6.834714e-02    2.126842e-05    0.000000e+00    0.000000e+00
    2.967727e+01   -6.821158e-02    2.482306e-05    0.000000e+00    0.000000e+00
    2.927647e+01   -6.805509e-02    2.838598e-05    0.000000e+00    0.000000e+00
    2.887666e+01   -6.787761e-02    3.196104e-05    0.000000e+00    0.000000e+00
    2.847795e+01   -6.767905e-02    3.555322e-05    0.000000e+00    0.000000e+00
    2.808048e+01   -6.745929e-02    3.916874e-05    0.000000e+00    0.000000e+00
    2.768436e+01   -6.721818e-02    4.281526e-05    0.000000e+00    0.000000e+00
    2.728972e+01   -6.695550e-02    4.650205e-05    0.000000e+00    0.000000e+00
    2.689669e+01   -6.667099e-02    5.024015e-05    0.000000e+00    0.000000e+00
    2.650540e+01   -6.636432e-02    5.404259e-05    0.000000e+00    0.000000e+00
    2.611597e+01   -6.603504e-02    5.792458e-05    0.000000e+00    0.000000e+00
    2.572856e+01   -6.568266e-02    6.190371e-05    0.000000e+00    0.000000e+00
    2.534328e+01   -6.530653e-02    6.600023e-05    0.000000e+00    0.000000e+00
    2.496029e+01   -6.490591e-02    7.023720e-05    0.000000e+00    0.000000e+00
    2.457973e+01   -6.447989e-02    7.464082e-05    0.000000e+00    0.000000e+00
    2.420176e+01   -6.402740e-02    7.924063e-05    0.000000e+00    0.000000e+00
    2.382653e+01   -6.354720e-02    8.406979e-05    0.000000e+00    0.000000e+00
    2.345420e+01   -6.303782e-02    8.916533e-05    0.000000e+00    0.000000e+00
    2.308496e+01   -6.249759e-02    9.456843e-05    0.000000e+00    0.000000e+00
    2.271900e+01   -6.192456e-02    1.003246e-04    0.000000e+00    0.000000e+00
    2.235651e+01   -6.131651e-02    1.064840e-04    0.000000e+00    0.000000e+00
    2.199770e+01   -6.067091e-02    1.131015e-04    0.000000e+00    0.000000e+00
    2.164281e+01   -5.998489e-02    1.202368e-04    0.000000e+00    0.000000e+00
    2.129208e+01   -5.925522e-02    1.279545e-04    0.000000e+00    0.000000e+00
    2.094578e+01   -5.847826e-02    1.363239e-04    0.000000e+00    0.000000e+00
    2.060421e+01   -5.764998e-02    1.454187e-04    0.000000e+00    0.000000e+00
    2.026766e+01   -5.676588e-02    1.553166e-04    0.000000e+00    0.000000e+00
    1.993649e+01   -5.582100e-02    1.660981e-04    0.000000e+00    0.000000e+00
    1.961107e+01   -5.480989e-02    1.778454e-04    0.000000e+00    0.000000e+00
    1.929181e+01   -5.372664e-02    1.906403e-04    0.000000e+00    0.000000e+00
    1.897915e+01   -5.256485e-02    2.045620e-04    0.000000e+00    0.000000e+00
    1.867357e+01   -5.131768e-02    2.196829e-04    0.000000e+00    0.000000e+00
    1.837559e+01   -4.997788e-02    2.360642e-04    0.000000e+00    0.000000e+00
    1.808579e+01   -4.853790e-02    2.537496e-04    0.000000e+00    0.000000e+00
    1.780477e+01   -4.698999e-02    2.727572e-04    0.000000e+00    0.000000e+00
    1.753319e+01   -4.532643e-02    2.930692e-04    0.000000e+00    0.000000e+00
    1.727176e+01   -4.353969e-02    3.146187e-04    0.000000e+00    0.000000e+00
    1.702122e+01   -4.162286e-02    3.372733e-04    0.000000e+00    0.000000e+00
    1.678234e+01   -3.957002e-02    3.608158e-04    0.000000e+00    0.000000e+00
    1.655596e+01   -3.737686e-02    3.849200e-04    0.000000e+00    0.000000e+00
    1.634290e+01   -3.504135e-02    4.091225e-04    0.000000e+00    0.000000e+00
    1.614399e+01   -3.256468e-02    4.327921e-04    0.000000e+00    0.000000e+00
    1.596005e+01   -2.995234e-02    4.550950e-04    0.000000e+00    0.000000e+00
    1.579185e+01   -2.721538e-02    4.749627e-04    0.000000e+00    0.000000e+00
    1.564008e+01   -2.437191e-02    4.910636e-04    0.000000e+00    0.000000e+00
    1.550528e+01   -2.144868e-02    5.017914e-04    0.000000e+00    0.000000e+00
    1.538782e+01   -1.848266e-02    5.052822e-04    0.000000e+00    0.000000e+00
    1.528783e+01   -1.552239e-02    4.994835e-04    0.000000e+00    0.000000e+00
    1.520508e+01   -1.262870e-02    4.823092e-04    0.000000e+00    0.000000e+00
    1.513898e+01   -9.874121e-03    4.519216e-04    0.000000e+00    0.000000e+00
    1.508848e+01   -7.340194e-03    4.071887e-04    0.000000e+00    0.000000e+00
    1.505203e+01   -5.111472e-03    3.483480e-04    0.000000e+00    0.000000e+00
    1.502759e+01   -3.265063e-03    2.778375e-04    0.000000e+00    0.000000e+00
    1.501276e+01   -1.855272e-03    2.010756e-04    0.000000e+00    0.000000e+00
    1.500488e+01   -8.950410e-04    1.266410e-04    0.000000e+00    0.000000e+00
    1.500143e+01   -3.403987e-04    6.488574e-05    0.000000e+00    0.000000e+00
    1.500028e+01   -9.005860e-05    2.409989e-05    0.000000e+00    0.000000e+00
    1.500003e+01   -1.319993e-05    5.246157e-06    0.000000e+00    0.000000e+00
    1.500000e+01   -6.763687e-07    4.331582e-07    0.000000e+00    0.000000e+00
    1.500000e+01   -4.090330e-09    4.801678e-09    0.000000e+00    0.000000e+00
    1.500000e+01   -1.083768e-13    2.950757e-13    0.000000e+00    0.000000e+00
    1.500000e+01   -7.316045e-28    8.210482e-27    0.000000e+00    0.000000e+00
    1.500000e+01    0.000000e+00   -0.000000e+00    0.000000e+00    0.000000e+00
